  1  2  3  4
  8  7  6  5
  9 10 11 12
==========
  1  8  9
  2  7 10
  3  6 11
  4  5 12
==========
   1  24  25  48  49  72  73  96  97 120
   2  23  26  47  50  71  74  95  98 119
   3  22  27  46  51  70  75  94  99 118
   4  21  28  45  52  69  76  93 100 117
   5  20  29  44  53  68  77  92 101 116
   6  19  30  43  54  67  78  91 102 115
   7  18  31  42  55  66  79  90 103 114
   8  17  32  41  56  65  80  89 104 113
   9  16  33  40  57  64  81  88 105 112
  10  15  34  39  58  63  82  87 106 111
  11  14  35  38  59  62  83  86 107 110
  12  13  36  37  60  61  84  85 108 109
==========
   1   2   3   4   5   6   7   8   9  10  11  12
  24  23  22  21  20  19  18  17  16  15  14  13
  25  26  27  28  29  30  31  32  33  34  35  36
  48  47  46  45  44  43  42  41  40  39  38  37
  49  50  51  52  53  54  55  56  57  58  59  60
  72  71  70  69  68  67  66  65  64  63  62  61
  73  74  75  76  77  78  79  80  81  82  83  84
  96  95  94  93  92  91  90  89  88  87  86  85
  97  98  99 100 101 102 103 104 105 106 107 108
 120 119 118 117 116 115 114 113 112 111 110 109
==========
    1  134  135  268  269  402  403  536  537  670  671  804  805  938  939
    2  133  136  267  270  401  404  535  538  669  672  803  806  937  940
    3  132  137  266  271  400  405  534  539  668  673  802  807  936  941
    4  131  138  265  272  399  406  533  540  667  674  801  808  935  942
    5  130  139  264  273  398  407  532  541  666  675  800  809  934  943
    6  129  140  263  274  397  408  531  542  665  676  799  810  933  944
    7  128  141  262  275  396  409  530  543  664  677  798  811  932  945
    8  127  142  261  276  395  410  529  544  663  678  797  812  931  946
    9  126  143  260  277  394  411  528  545  662  679  796  813  930  947
   10  125  144  259  278  393  412  527  546  661  680  795  814  929  948
   11  124  145  258  279  392  413  526  547  660  681  794  815  928  949
   12  123  146  257  280  391  414  525  548  659  682  793  816  927  950
   13  122  147  256  281  390  415  524  549  658  683  792  817  926  951
   14  121  148  255  282  389  416  523  550  657  684  791  818  925  952
   15  120  149  254  283  388  417  522  551  656  685  790  819  924  953
   16  119  150  253  284  387  418  521  552  655  686  789  820  923  954
   17  118  151  252  285  386  419  520  553  654  687  788  821  922  955
   18  117  152  251  286  385  420  519  554  653  688  787  822  921  956
   19  116  153  250  287  384  421  518  555  652  689  786  823  920  957
   20  115  154  249  288  383  422  517  556  651  690  785  824  919  958
   21  114  155  248  289  382  423  516  557  650  691  784  825  918  959
   22  113  156  247  290  381  424  515  558  649  692  783  826  917  960
   23  112  157  246  291  380  425  514  559  648  693  782  827  916  961
   24  111  158  245  292  379  426  513  560  647  694  781  828  915  962
   25  110  159  244  293  378  427  512  561  646  695  780  829  914  963
   26  109  160  243  294  377  428  511  562  645  696  779  830  913  964
   27  108  161  242  295  376  429  510  563  644  697  778  831  912  965
   28  107  162  241  296  375  430  509  564  643  698  777  832  911  966
   29  106  163  240  297  374  431  508  565  642  699  776  833  910  967
   30  105  164  239  298  373  432  507  566  641  700  775  834  909  968
   31  104  165  238  299  372  433  506  567  640  701  774  835  908  969
   32  103  166  237  300  371  434  505  568  639  702  773  836  907  970
   33  102  167  236  301  370  435  504  569  638  703  772  837  906  971
   34  101  168  235  302  369  436  503  570  637  704  771  838  905  972
   35  100  169  234  303  368  437  502  571  636  705  770  839  904  973
   36   99  170  233  304  367  438  501  572  635  706  769  840  903  974
   37   98  171  232  305  366  439  500  573  634  707  768  841  902  975
   38   97  172  231  306  365  440  499  574  633  708  767  842  901  976
   39   96  173  230  307  364  441  498  575  632  709  766  843  900  977
   40   95  174  229  308  363  442  497  576  631  710  765  844  899  978
   41   94  175  228  309  362  443  496  577  630  711  764  845  898  979
   42   93  176  227  310  361  444  495  578  629  712  763  846  897  980
   43   92  177  226  311  360  445  494  579  628  713  762  847  896  981
   44   91  178  225  312  359  446  493  580  627  714  761  848  895  982
   45   90  179  224  313  358  447  492  581  626  715  760  849  894  983
   46   89  180  223  314  357  448  491  582  625  716  759  850  893  984
   47   88  181  222  315  356  449  490  583  624  717  758  851  892  985
   48   87  182  221  316  355  450  489  584  623  718  757  852  891  986
   49   86  183  220  317  354  451  488  585  622  719  756  853  890  987
   50   85  184  219  318  353  452  487  586  621  720  755  854  889  988
   51   84  185  218  319  352  453  486  587  620  721  754  855  888  989
   52   83  186  217  320  351  454  485  588  619  722  753  856  887  990
   53   82  187  216  321  350  455  484  589  618  723  752  857  886  991
   54   81  188  215  322  349  456  483  590  617  724  751  858  885  992
   55   80  189  214  323  348  457  482  591  616  725  750  859  884  993
   56   79  190  213  324  347  458  481  592  615  726  749  860  883  994
   57   78  191  212  325  346  459  480  593  614  727  748  861  882  995
   58   77  192  211  326  345  460  479  594  613  728  747  862  881  996
   59   76  193  210  327  344  461  478  595  612  729  746  863  880  997
   60   75  194  209  328  343  462  477  596  611  730  745  864  879  998
   61   74  195  208  329  342  463  476  597  610  731  744  865  878  999
   62   73  196  207  330  341  464  475  598  609  732  743  866  877 1000
   63   72  197  206  331  340  465  474  599  608  733  742  867  876 1001
   64   71  198  205  332  339  466  473  600  607  734  741  868  875 1002
   65   70  199  204  333  338  467  472  601  606  735  740  869  874 1003
   66   69  200  203  334  337  468  471  602  605  736  739  870  873 1004
   67   68  201  202  335  336  469  470  603  604  737  738  871  872 1005
==========
